0001000000100000
0000010000011101
0000001000000011
1001000000111111
0001000000100001
0001101101100001
0001010010100001
0001110000000000
0000100000010111
0001110110000110
0000100000010101
0101011000000010
0000010000001011
0001111111000001
0001001001000001
0001010010000010
0001100000111111
0101000000000100
0000101111111000
0001101101100000
0000010000001010
1001111111111111
0001111111100001
1111000000100101
0001001001000001
0001010010000010
0000101111110000
0001101101100000
0000010000000010
1001111111111111
0001111111100001
1111000000100101
0101011000000010
0000010000000001
0001111111000001
0001001001000001
0001010010000010
0000001111111010
0001101101100000
0000010000000010
1001111111111111
0001111111100001
1111000000100101